14
БРГИ-1.1 1 0 1 5 193 40 125 5
БРГИ-1.2 2 0 0 5 176 45 119 4
БРГИ-2.1 3 0 0 5 140 23 107 6
БРГИ-2.2 4 1 1 5 101 19 119 7
БРГИ-3.1 5 1 1 5 193 40 125 5
БРГИ-3.2 6 0 0 5 176 45 119 4
БРГИ-4.1 7 0 1 5 193 40 125 5
БРГИ-4.2 8 0 0 5 176 45 119 4
ДРИ-1.1 17 0 1 5 100 105 105 110 110 115 100 105 105 110 110 115 100 105 105 110 110 115 100 105 105 110 110 115 100 105 105 110 110 115 111 116
ДРИ-1.2 18 0 0 5 100 105 105 110 110 115 100 105 105 110 110 115 100 105 105 110 110 115 100 105 105 110 110 115 100 105 105 110 110 115 111 116
ДРИ-2.1 21 1 1 5 100 105 105 110 110 115 100 105 105 110 110 115 100 105 105 110 110 115 100 105 105 110 110 115 100 105 105 110 110 115 111 116
ДРИ-2.2 22 0 0 5 100 105 105 110 110 115 100 105 105 110 110 115 100 105 105 110 110 115 100 105 105 110 110 115 100 105 105 110 110 115 111 116
ДНИ1 19 1 1 5 99 98 47 40
ДНИ2 23 0 0 5 90 45 18 19