114
1 1 1 1 2 0 1
1 1 3 0 3 0 8
1 1 4 0 3 9 8
3 1 3 0 4 0 8
3 1 4 0 4 9 8
5 1 3 0 5 0 8
5 1 4 0 5 9 8
7 1 3 0 6 0 8
7 1 4 0 6 9 8
17 1 6 0 7 0 8
17 1 4 0 7 9 8
17 1 10 0 8 0 8
17 1 8 0 8 9 8
17 1 14 0 9 0 8
17 1 12 0 9 9 8
17 1 18 0 10 0 8
17 1 16 0 10 9 8
17 1 22 0 11 0 8
17 1 20 0 11 9 8
17 1 26 0 12 0 8
17 1 24 0 12 9 8
17 1 30 0 13 0 8
17 1 28 0 13 9 8
17 1 34 0 14 0 8
17 1 32 0 14 9 8
21 1 6 0 15 0 8
21 1 4 0 15 9 8
21 1 10 0 16 0 8
21 1 8 0 16 9 8
21 1 14 0 17 0 8
21 1 12 0 17 9 8
21 1 18 0 18 0 8
21 1 16 0 18 9 8
21 1 22 0 19 0 8
21 1 20 0 19 9 8
21 1 26 0 20 0 8
21 1 24 0 20 9 8
21 1 30 0 21 0 8
21 1 28 0 21 9 8
21 1 34 0 22 0 8
21 1 32 0 22 9 8
19 1 3 0 23 0 8
19 1 4 0 23 9 8
1 1 1 1 1 0 1
2 0 1 1 1 1 1
3 0 1 1 1 2 1
4 1 1 1 1 3 1
5 1 1 1 1 4 1
6 0 1 1 1 5 1
7 1 1 1 1 6 1
8 0 1 1 1 7 1
17 1 1 1 1 8 1
18 0 1 1 1 9 1
19 1 1 1 1 10 1
21 1 1 1 1 12 1
22 0 1 1 1 13 1
23 0 1 1 1 14 1
1 1 2 1 2 0 1
2 0 2 1 2 1 1
3 0 2 1 2 2 1
4 1 2 1 2 3 1
5 1 2 1 2 4 1
6 0 2 1 2 5 1
7 1 2 1 2 6 1
8 0 2 1 2 7 1
17 1 2 1 2 8 1
18 0 2 1 2 9 1
19 1 2 10 1 2 1
21 1 2 1 2 12 1
22 0 2 1 2 13 1
23 0 2 1 2 14 1
4 1 5 1 3 0 8
1 1 5 1 3 9 8
7 1 5 1 4 0 8
5 1 5 1 4 9 8
22 1 3 1 5 0 8
17 1 3 1 5 9 8
4 1 6 1 7 0 8
1 1 6 1 7 9 8
7 1 6 1 8 0 8
5 1 6 1 8 9 8
17 1 7 1 9 0 8
17 1 5 1 9 9 8
17 1 11 1 10 0 8
17 1 9 1 10 9 8
17 1 15 1 11 0 8
17 1 13 1 11 9 8
17 1 19 1 12 0 8
17 1 17 1 12 9 8
17 1 23 1 13 0 8
17 1 21 1 13 9 8
17 1 27 1 14 0 8
17 1 25 1 14 9 8
17 1 31 1 15 0 8
17 1 29 1 15 9 8
17 1 35 1 16 0 8
17 1 33 1 16 9 8
21 1 7 1 17 0 8
21 1 5 1 17 9 8
21 1 11 1 18 0 8
21 1 9 1 18 9 8
21 1 15 1 19 0 8
21 1 13 1 19 9 8
21 1 19 1 20 0 8
21 1 17 1 20 9 8
21 1 23 1 21 0 8
21 1 21 1 21 9 8
21 1 27 1 22 0 8
21 1 25 1 22 9 8
21 1 31 1 23 0 8
21 1 29 1 23 9 8
21 1 35 1 24 0 8
21 1 33 1 24 9 8
19 1 6 1 25 0 8
